-1.0
-0.0625
-0.5
0.5625
0.0
-0.25
-0.1875
-0.1875
0.4375
0.125
1.625
0.25
-1.0625
0.0
0.6875
0.875
-0.1875
1.4375
-0.375
0.0625
0.375
-1.0625
0.625
0.5
1.125
0.875
1.3125
0.4375
1.0
1.375
2.1875
0.4375
1.5
2.0625
1.6875
2.5625
3.125
2.8125
2.9375
3.375
2.25
3.9375
3.5
2.625
4.0625
4.8125
3.625
3.0
3.9375
3.0625
3.375
3.6875
3.5625
4.3125
5.375
4.75
4.875
5.1875
4.375
4.125
3.5
4.0
3.25
3.75
4.75
4.375
4.125
3.9375
4.5625
4.9375
3.375
5.25
3.75
5.1875
3.4375
4.875
5.1875
4.75
4.5625
4.25
4.4375
5.6875
5.6875
4.3125
5.25
3.5625
5.625
4.0
3.8125
3.8125
3.0625
4.5
4.875
4.25
5.125
5.0625
4.75
4.25
6.1875
4.6875
4.5
4.8125
4.375
4.9375
5.4375
3.9375
5.125
3.75
4.625
4.0625
4.8125
5.0625
5.4375
5.0625
4.1875
5.0625
5.1875
4.375
5.1875
5.75
4.875
4.625
4.8125
4.25
4.125
5.375
4.5625
5.4375
5.375
5.5
5.125
5.1875
5.1875
5.3125
5.6875
5.1875
5.75
5.0
5.0
4.25
4.875
4.0625
3.3125
4.3125
5.6875
4.9375
5.5625
5.0
4.9375
4.9375
4.8125
5.6875
4.75
5.6875
5.0625
4.625
5.375
5.5
5.6875
4.875
5.375
5.0625
5.3125
5.0625
5.1875
4.625
4.6875
4.5625
4.9375
5.4375
4.0
5.5
5.5625
5.125
5.0625
5.8125
5.625
5.125
5.4375
5.1875
4.875
5.4375
5.0625
4.9375
5.375
4.5625
6.0
5.5625
5.4375
5.0625
5.4375
5.5625
5.5
4.9375
5.4375
4.0
5.375
5.0
5.0
4.8125
4.25
4.875
5.1875
5.4375
4.5
4.5
5.8125
5.5625
4.5
5.625
4.9375
4.5625
4.9375
5.9375
4.5625
5.8125
5.0625
4.9375
4.5
6.125
4.75
5.125
5.375
5.75
5.5625
5.375
5.9375
5.0625
4.5
5.4375
5.875
6.375
5.5625
4.5625
5.625
5.0
5.625
5.1875
5.375
4.5
5.375
5.8125
4.0
6.125
5.3125
5.5
5.0
5.1875
5.75
5.5
5.0625
