-1.0
-0.0625
-0.5
0.5625
0.0
-0.25
-0.1875
-0.125
0.4375
0.125
1.625
0.3125
-1.0625
0.125
0.5625
0.75
-0.0625
1.1875
-0.3125
0.3125
0.3125
-1.125
0.375
0.1875
0.9375
0.6875
0.375
-0.4375
0.5
0.4375
0.75
-1.0
0.6875
1.0625
1.375
2.0625
2.8125
2.5
2.5625
2.875
2.375
3.75
3.8125
3.125
3.5
4.5
3.5625
4.0
3.5
3.5
4.3125
4.3125
3.4375
4.0625
5.375
4.625
5.1875
5.4375
4.9375
3.9375
3.8125
4.4375
3.6875
4.0
5.375
4.875
4.75
4.75
4.875
5.5
3.75
5.8125
4.125
4.875
5.125
5.625
6.0
6.0
5.4375
4.875
5.5625
6.4375
6.1875
4.5625
5.6875
4.5
6.5
5.0625
5.3125
5.125
3.4375
5.0
5.5625
4.5625
5.3125
5.625
6.0625
5.8125
6.125
4.75
5.1875
5.3125
4.875
5.4375
5.6875
5.0
6.4375
5.25
6.25
5.875
6.25
5.625
6.4375
5.875
5.875
5.5625
6.375
5.5625
5.5625
6.6875
6.0625
6.1875
5.8125
5.5625
5.5
6.625
5.625
7.0
5.875
6.9375
6.0
6.4375
5.875
5.625
6.5625
6.25
7.125
6.0625
5.3125
5.5625
6.0625
5.875
5.0625
6.0
6.1875
6.5
6.75
6.875
5.5
6.0
5.6875
6.125
5.6875
6.75
6.0625
5.3125
6.3125
6.125
6.875
6.4375
6.8125
6.0
6.375
6.1875
6.5
5.5
6.25
5.0
6.375
7.0625
6.125
7.0
6.25
6.125
6.0625
7.25
6.1875
6.1875
6.75
5.8125
5.9375
6.6875
6.3125
6.875
6.6875
5.625
6.125
6.5
6.125
6.5625
6.0
6.5
7.125
6.1875
6.8125
6.4375
6.6875
6.25
6.625
6.125
6.0625
6.875
6.75
6.4375
6.0625
5.8125
7.0625
7.0625
5.875
6.5
6.75
6.625
6.625
7.0
6.4375
7.4375
6.75
6.625
6.75
7.125
6.9375
6.8125
6.9375
6.75
6.9375
6.4375
7.4375
6.75
6.875
7.0625
7.0
7.5625
7.1875
6.6875
6.3125
7.0
7.1875
6.25
6.5625
6.9375
7.1875
7.375
5.875
6.875
6.5
6.9375
7.0625
6.1875
6.8125
7.125
6.6875
